audio.mp3
thumb-1920-699441.jpg
64,192,4163,5,0,0:0:0:0:
64,192,4469,1,0,0:0:0:0:
448,192,4622,1,0,0:0:0:0:
64,192,5081,1,0,0:0:0:0:
192,192,5387,1,0,0:0:0:0:
192,192,5693,1,0,0:0:0:0:
320,192,5846,1,0,0:0:0:0:
448,192,6305,1,0,0:0:0:0:
320,192,6611,1,0,0:0:0:0:
320,192,6918,1,0,0:0:0:0:
64,192,7071,1,0,0:0:0:0:
192,192,7224,1,0,0:0:0:0:
448,192,7836,1,0,0:0:0:0:
448,192,8142,1,0,0:0:0:0:
192,192,8295,1,0,0:0:0:0:
320,192,8448,1,0,0:0:0:0:
448,192,8754,1,0,0:0:0:0:
64,192,9060,1,0,0:0:0:0:
64,192,9367,1,0,0:0:0:0:
448,192,9520,1,0,0:0:0:0:
64,192,9979,1,0,0:0:0:0:
192,192,10285,1,0,0:0:0:0:
192,192,10591,1,0,0:0:0:0:
320,192,10744,1,0,0:0:0:0:
448,192,11203,1,0,0:0:0:0:
320,192,11509,1,0,0:0:0:0:
320,192,11816,1,0,0:0:0:0:
64,192,11969,1,0,0:0:0:0:
192,192,12122,1,0,0:0:0:0:
448,192,12734,1,0,0:0:0:0:
448,192,13040,1,0,0:0:0:0:
192,192,13193,1,0,0:0:0:0:
320,192,13346,1,0,0:0:0:0:
64,192,13652,1,0,0:0:0:0:
448,192,13958,128,0,15183:0:0:0:0:
192,192,14265,1,0,0:0:0:0:
320,192,14418,1,0,0:0:0:0:
64,192,14877,1,0,0:0:0:0:
192,192,15183,128,0,16407:0:0:0:0:
320,192,15489,1,0,0:0:0:0:
448,192,15642,1,0,0:0:0:0:
64,192,15795,1,0,0:0:0:0:
448,192,16407,128,0,17020:0:0:0:0:
192,192,16714,1,0,0:0:0:0:
64,192,17020,128,0,17632:0:0:0:0:
448,192,17326,1,0,0:0:0:0:
320,192,17632,128,0,18244:0:0:0:0:
192,192,17938,1,0,0:0:0:0:
64,192,18244,1,0,0:0:0:0:
320,192,18856,128,0,20081:0:0:0:0:
192,192,19163,1,0,0:0:0:0:
64,192,19316,1,0,0:0:0:0:
448,192,19775,1,0,0:0:0:0:
192,192,20081,128,0,21305:0:0:0:0:
448,192,20387,1,0,0:0:0:0:
320,192,20540,1,0,0:0:0:0:
64,192,20693,1,0,0:0:0:0:
192,192,22530,128,0,23754:0:0:0:0:
64,192,23754,1,2,0:0:0:0:
448,192,23754,1,0,0:0:0:70:Rides.wav
320,192,24060,1,0,0:0:0:0:
64,192,24367,1,2,0:0:0:0:
192,192,24367,1,0,0:0:0:0:
448,192,24673,1,0,0:0:0:0:
64,192,24979,1,2,0:0:0:0:
320,192,24979,1,0,0:0:0:0:
192,192,25285,1,0,0:0:0:0:
448,192,25438,1,0,0:0:0:0:
64,192,25591,1,2,0:0:0:0:
320,192,25591,1,0,0:0:0:0:
192,192,25744,1,0,0:0:0:0:
448,192,25897,1,0,0:0:0:0:
64,192,26203,1,2,0:0:0:0:
192,192,26203,1,0,0:0:0:0:
448,192,26509,1,0,0:0:0:0:
192,192,26816,1,2,0:0:0:0:
320,192,26816,1,0,0:0:0:0:
64,192,27122,1,0,0:0:0:0:
320,192,27428,1,2,0:0:0:0:
448,192,27428,1,0,0:0:0:0:
64,192,27734,1,0,0:0:0:0:
320,192,27887,1,0,0:0:0:0:
192,192,28040,1,2,0:0:0:0:
448,192,28040,1,0,0:0:0:0:
64,192,28346,1,0,0:0:0:0:
320,192,28652,1,2,0:0:0:0:
448,192,28652,1,0,0:0:0:0:
192,192,28958,1,0,0:0:0:0:
64,192,29265,1,2,0:0:0:0:
448,192,29265,1,0,0:0:0:0:
320,192,29571,1,0,0:0:0:0:
64,192,29877,1,2,0:0:0:0:
192,192,29877,1,0,0:0:0:0:
448,192,30183,1,0,0:0:0:0:
64,192,30336,1,0,0:0:0:0:
192,192,30489,1,2,0:0:0:0:
320,192,30489,1,0,0:0:0:0:
448,192,30642,1,0,0:0:0:0:
64,192,30795,1,0,0:0:0:0:
192,192,31101,1,2,0:0:0:0:
448,192,31101,1,0,0:0:0:0:
320,192,31407,1,0,0:0:0:0:
64,192,31714,1,2,0:0:0:0:
192,192,31714,1,0,0:0:0:0:
448,192,32020,1,0,0:0:0:0:
64,192,32326,1,2,0:0:0:0:
320,192,32326,1,0,0:0:0:0:
192,192,32632,1,0,0:0:0:0:
320,192,32785,1,0,0:0:0:0:
64,192,32938,1,2,0:0:0:0:
448,192,32938,1,0,0:0:0:0:
192,192,33244,1,0,0:0:0:0:
320,192,33550,1,2,0:0:0:0:
448,192,33550,128,0,33856:0:0:0:0:
192,192,33856,1,0,0:0:0:0:
64,192,34163,1,2,0:0:0:0:
320,192,34163,1,0,0:0:0:0:
448,192,34469,1,0,0:0:0:0:
64,192,34775,1,2,0:0:0:0:
192,192,34775,128,0,35081:0:0:0:0:
320,192,35081,1,0,0:0:0:0:
448,192,35234,1,0,0:0:0:0:
64,192,35387,1,2,0:0:0:0:
320,192,35387,1,0,0:0:0:0:
192,192,35693,1,0,0:0:0:0:
320,192,35999,128,2,36305:0:0:0:0:
448,192,35999,1,0,0:0:0:0:
64,192,36305,1,0,0:0:0:0:
192,192,36611,128,2,36918:0:0:0:0:
448,192,36611,1,0,0:0:0:0:
320,192,36918,1,0,0:0:0:0:
64,192,37224,128,2,37530:0:0:0:0:
192,192,37224,1,0,0:0:0:0:
448,192,37530,1,0,0:0:0:0:
320,192,37683,1,0,0:0:0:0:
64,192,37836,1,2,0:0:0:0:
192,192,37836,1,0,0:0:0:0:
448,192,38142,1,0,0:0:0:0:
64,192,38448,1,2,0:0:0:0:
320,192,38448,128,0,38754:0:0:0:0:
192,192,38754,1,0,0:0:0:0:
320,192,39060,1,2,0:0:0:0:
448,192,39060,1,0,0:0:0:0:
64,192,39367,1,0,0:0:0:0:
192,192,39673,128,2,39979:0:0:0:0:
320,192,39673,1,0,0:0:0:0:
448,192,39979,1,0,0:0:0:0:
64,192,40132,1,0,0:0:0:0:
192,192,40285,1,2,0:0:0:0:
320,192,40285,1,0,0:0:0:0:
448,192,40438,1,0,0:0:0:0:
64,192,40591,1,0,0:0:0:0:
192,192,42122,128,0,43346:0:0:0:0:
448,192,43346,1,8,0:0:0:0:
64,192,43499,1,0,0:0:0:0:
192,192,43652,1,8,0:0:0:0:
320,192,43805,1,8,0:0:0:0:
192,192,44111,1,8,0:0:0:0:
448,192,44265,1,8,0:0:0:0:
320,192,44418,1,8,0:0:0:0:
64,192,44571,1,8,0:0:0:0:
192,192,44877,1,8,0:0:0:0:
320,192,45030,1,8,0:0:0:0:
448,192,45183,1,0,0:0:0:0:
64,192,45489,1,8,0:0:0:0:
320,192,45795,1,8,0:0:0:0:
192,192,45948,1,0,0:0:0:0:
448,192,46101,1,8,0:0:0:0:
64,192,46254,1,8,0:0:0:0:
448,192,46560,1,8,0:0:0:0:
320,192,46714,1,8,0:0:0:0:
64,192,46867,1,8,0:0:0:0:
192,192,47020,1,8,0:0:0:0:
320,192,48091,1,8,0:0:0:0:
64,192,48244,1,8,0:0:0:0:
448,192,48397,1,0,0:0:0:0:
192,192,48550,1,8,0:0:0:0:
320,192,48703,1,8,0:0:0:0:
64,192,49009,1,8,0:0:0:0:
192,192,49163,1,8,0:0:0:0:
448,192,49316,1,8,0:0:0:0:
320,192,49469,1,8,0:0:0:0:
192,192,49775,1,8,0:0:0:0:
448,192,49928,1,8,0:0:0:0:
64,192,50081,1,0,0:0:0:0:
320,192,50387,1,8,0:0:0:0:
448,192,50693,1,8,0:0:0:0:
192,192,50999,1,8,0:0:0:0:
320,192,51152,1,8,0:0:0:0:
64,192,51458,1,8,0:0:0:0:
448,192,51611,1,8,0:0:0:0:
192,192,51765,1,8,0:0:0:0:
320,192,51918,1,8,0:0:0:0:
64,192,53142,1,8,0:0:0:0:
192,192,53142,1,2,0:0:0:0:
448,192,53448,1,8,0:0:0:0:
64,192,53754,1,2,0:0:0:0:
320,192,53754,1,0,0:0:0:0:
192,192,54060,1,8,0:0:0:0:
320,192,54367,1,8,0:0:0:0:
448,192,54367,1,2,0:0:0:0:
64,192,54673,1,8,0:0:0:0:
192,192,54979,1,8,0:0:0:0:
448,192,54979,1,2,0:0:0:0:
320,192,55285,1,8,0:0:0:0:
64,192,55591,1,8,0:0:0:0:
448,192,55591,1,2,0:0:0:0:
192,192,55897,1,8,0:0:0:0:
448,192,56050,1,8,0:0:0:0:
64,192,56203,1,8,0:0:0:0:
320,192,56203,1,2,0:0:0:0:
448,192,56509,1,8,0:0:0:0:
64,192,56663,1,8,0:0:0:0:
192,192,56816,1,8,0:0:0:0:
320,192,56816,1,2,0:0:0:0:
448,192,57122,1,8,0:0:0:0:
64,192,57428,1,8,0:0:0:0:
192,192,57428,1,2,0:0:0:0:
448,192,57734,1,8,0:0:0:0:
192,192,58040,1,8,0:0:0:0:
320,192,58040,1,2,0:0:0:0:
64,192,58346,1,8,0:0:0:0:
320,192,58652,1,8,0:0:0:0:
448,192,58652,1,2,0:0:0:0:
64,192,58958,1,8,0:0:0:0:
192,192,59265,1,8,0:0:0:0:
448,192,59265,1,2,0:0:0:0:
320,192,59571,1,8,0:0:0:0:
64,192,59877,1,8,0:0:0:0:
192,192,59877,1,2,0:0:0:0:
448,192,60183,1,8,0:0:0:0:
64,192,60489,1,8,0:0:0:0:
320,192,60489,1,2,0:0:0:0:
192,192,60642,1,8,0:0:0:0:
448,192,60795,1,8,0:0:0:0:
320,192,60948,1,8,0:0:0:0:
64,192,61101,1,8,0:0:0:0:
192,192,61101,1,2,0:0:0:0:
448,192,61407,1,8,0:0:0:0:
192,192,61714,1,8,0:0:0:0:
320,192,61714,1,2,0:0:0:0:
64,192,61867,1,8,0:0:0:0:
448,192,62020,1,8,0:0:0:0:
320,192,62173,1,8,0:0:0:0:
64,192,62326,1,2,0:0:0:65:soft1-hitclap.wav
192,192,62326,1,0,0:0:0:40:Sub.wav
320,192,62938,1,2,0:0:0:0:
448,192,62938,1,0,0:0:0:65:Exhaust.wav
192,192,63244,1,0,0:0:0:65:soft1-hitwhistle.wav
64,192,63550,1,2,0:0:0:0:
320,192,63550,1,0,0:0:0:65:soft1-hitclap.wav
448,192,63856,1,0,0:0:0:65:soft1-hitwhistle.wav
192,192,64163,1,2,0:0:0:0:
320,192,64163,1,0,0:0:0:0:
64,192,64469,1,0,0:0:0:65:soft1-hitwhistle.wav
192,192,64775,1,2,0:0:0:0:
448,192,64775,1,0,0:0:0:65:soft1-hitclap.wav
64,192,65387,1,2,0:0:0:0:
192,192,65387,1,0,0:0:0:0:
448,192,65693,1,0,0:0:0:65:soft1-hitwhistle.wav
64,192,65999,1,2,0:0:0:0:
320,192,65999,1,0,0:0:0:65:soft1-hitclap.wav
192,192,66305,1,0,0:0:0:65:soft1-hitwhistle.wav
320,192,66611,1,2,0:0:0:0:
448,192,66611,1,0,0:0:0:0:
64,192,67224,1,2,0:0:0:0:
448,192,67224,128,0,67836:0:0:0:65:soft1-hitclap.wav
64,192,67836,1,2,0:0:0:0:
192,192,67836,1,0,0:0:0:0:
320,192,68142,1,0,0:0:0:65:soft1-hitwhistle.wav
64,192,68448,1,2,0:0:0:0:
448,192,68448,1,0,0:0:0:65:soft1-hitclap.wav
192,192,68754,1,0,0:0:0:65:soft1-hitwhistle.wav
64,192,69060,1,2,0:0:0:0:
320,192,69060,1,0,0:0:0:0:
448,192,69367,1,0,0:0:0:65:soft1-hitwhistle.wav
192,192,69673,1,2,0:0:0:0:
320,192,69673,1,0,0:0:0:65:soft1-hitclap.wav
192,192,70285,1,2,0:0:0:0:
448,192,70285,1,0,0:0:0:0:
64,192,70591,1,0,0:0:0:65:soft1-hitwhistle.wav
320,192,70897,1,2,0:0:0:0:
448,192,70897,1,0,0:0:0:65:soft1-hitclap.wav
192,192,71203,1,0,0:0:0:65:soft1-hitwhistle.wav
64,192,71509,1,2,0:0:0:0:
320,192,71509,1,0,0:0:0:0:
64,192,72122,1,2,0:0:0:0:
448,192,72122,128,0,72734:0:0:0:65:soft1-hitclap.wav
192,192,72734,1,2,0:0:0:0:
320,192,72734,1,0,0:0:0:0:
64,192,73040,1,0,0:0:0:65:soft1-hitwhistle.wav
192,192,73346,1,2,0:0:0:0:
448,192,73346,1,0,0:0:0:65:soft1-hitclap.wav
320,192,73652,1,0,0:0:0:65:soft1-hitwhistle.wav
64,192,73958,1,2,0:0:0:0:
448,192,73958,1,0,0:0:0:0:
192,192,74265,1,0,0:0:0:65:soft1-hitwhistle.wav
64,192,74571,1,2,0:0:0:0:
320,192,74571,1,0,0:0:0:65:soft1-hitclap.wav
448,192,74877,1,0,0:0:0:65:soft1-hitwhistle.wav
192,192,75183,1,2,0:0:0:0:
320,192,75183,1,0,0:0:0:0:
64,192,75489,1,0,0:0:0:65:soft1-hitwhistle.wav
320,192,75795,1,2,0:0:0:0:
448,192,75795,1,0,0:0:0:65:soft1-hitclap.wav
192,192,76101,1,0,0:0:0:65:soft1-hitwhistle.wav
64,192,76407,1,2,0:0:0:0:
448,192,76407,1,0,0:0:0:0:
320,192,76714,1,0,0:0:0:65:soft1-hitwhistle.wav
64,192,77020,1,2,0:0:0:0:
192,192,77020,128,0,77632:0:0:0:65:soft1-hitclap.wav
448,192,77326,1,0,0:0:0:65:soft1-hitwhistle.wav
64,192,77632,1,2,0:0:0:0:
320,192,77632,1,0,0:0:0:0:
192,192,77938,1,0,0:0:0:65:soft1-hitwhistle.wav
320,192,78244,1,2,0:0:0:0:
448,192,78244,1,0,0:0:0:65:soft1-hitclap.wav
64,192,78550,1,0,0:0:0:65:soft1-hitwhistle.wav
192,192,78856,1,2,0:0:0:0:
448,192,78856,1,0,0:0:0:0:
320,192,79163,1,0,0:0:0:65:soft1-hitwhistle.wav
64,192,79469,128,2,80081:0:0:0:0:
192,192,79469,1,0,0:0:0:65:soft1-hitclap.wav
448,192,80081,1,0,0:0:0:0:
64,192,82530,1,2,0:0:0:0:
320,192,82530,1,0,0:0:0:70:Rides.wav
320,192,83142,1,2,0:0:0:0:
192,192,83754,1,2,0:0:0:0:
192,192,84367,1,2,0:0:0:0:
448,192,84979,1,2,0:0:0:0:
448,192,85591,1,2,0:0:0:0:
64,192,86203,1,2,0:0:0:0:
64,192,86816,1,2,0:0:0:0:
192,192,87122,1,0,0:0:0:0:
320,192,87428,1,2,0:0:0:0:
64,192,88040,1,2,0:0:0:0:
192,192,88652,1,2,0:0:0:0:
448,192,89265,1,2,0:0:0:0:
320,192,89877,1,2,0:0:0:0:
192,192,90489,1,2,0:0:0:0:
64,192,91101,1,2,0:0:0:0:
448,192,91714,1,2,0:0:0:0:
192,192,92020,1,0,0:0:0:0:
448,192,92326,128,2,93550:0:0:0:0:
64,192,92632,1,0,0:0:0:0:
320,192,92938,1,10,0:0:0:0:
192,192,93244,1,0,0:0:0:0:
64,192,93550,128,2,94775:0:0:0:0:
320,192,93856,1,0,0:0:0:0:
448,192,94009,1,0,0:0:0:0:
192,192,94163,1,10,0:0:0:0:
448,192,94469,1,0,0:0:0:0:
320,192,94775,128,2,95387:0:0:0:0:
448,192,95081,1,0,0:0:0:0:
64,192,95234,1,0,0:0:0:0:
192,192,95387,128,10,95999:0:0:0:0:
320,192,95693,1,0,0:0:0:0:
64,192,95999,128,2,97224:0:0:0:0:
448,192,96305,1,0,0:0:0:0:
320,192,96458,1,0,0:0:0:0:
192,192,96611,1,10,0:0:0:0:
448,192,96918,1,0,0:0:0:0:
320,192,97224,128,2,98448:0:0:0:0:
192,192,97530,1,0,0:0:0:0:
64,192,97683,1,0,0:0:0:0:
448,192,97836,1,10,0:0:0:0:
64,192,98142,1,0,0:0:0:0:
192,192,98448,128,2,99673:0:0:0:0:
448,192,98754,1,0,0:0:0:0:
320,192,98907,1,0,0:0:0:0:
64,192,99060,1,10,0:0:0:0:
448,192,99367,1,0,0:0:0:0:
320,192,99673,128,0,102122:0:0:0:0:
64,192,102122,1,8,0:0:0:70:Rides.wav
448,192,102428,1,8,0:0:0:0:
320,192,102581,1,8,0:0:0:0:
192,192,102734,1,8,0:0:0:0:
320,192,103040,1,8,0:0:0:0:
64,192,103346,1,8,0:0:0:0:
192,192,103652,1,8,0:0:0:0:
448,192,103805,1,8,0:0:0:0:
320,192,103958,1,8,0:0:0:0:
64,192,104265,1,8,0:0:0:0:
448,192,104571,1,8,0:0:0:0:
320,192,104877,1,8,0:0:0:0:
192,192,105030,1,8,0:0:0:0:
448,192,105183,1,8,0:0:0:0:
64,192,105489,1,8,0:0:0:0:
192,192,105795,1,8,0:0:0:0:
448,192,106101,1,0,0:0:0:0:
320,192,106407,1,8,0:0:0:0:
64,192,106714,1,0,0:0:0:0:
192,192,107020,1,8,0:0:0:0:
448,192,107326,1,8,0:0:0:0:
320,192,107479,1,8,0:0:0:0:
64,192,107632,1,8,0:0:0:0:
192,192,107938,1,8,0:0:0:0:
448,192,108244,1,8,0:0:0:0:
64,192,108550,1,8,0:0:0:0:
320,192,108703,1,8,0:0:0:0:
192,192,108856,1,8,0:0:0:0:
64,192,109163,1,8,0:0:0:0:
448,192,109469,1,8,0:0:0:0:
320,192,109775,1,8,0:0:0:0:
192,192,109928,1,8,0:0:0:0:
64,192,110081,1,8,0:0:0:0:
448,192,110387,1,8,0:0:0:0:
192,192,110693,1,8,0:0:0:0:
320,192,110999,1,8,0:0:0:0:
64,192,111305,1,8,0:0:0:0:
192,192,111611,1,8,0:0:0:0:
448,192,111765,1,8,0:0:0:0:
64,192,111918,1,10,0:0:0:0:
320,192,111918,1,0,0:0:0:70:Rides.wav
192,192,112377,1,8,0:0:0:0:
64,192,112530,1,8,0:0:0:0:
448,192,112530,1,2,0:0:0:0:
320,192,112836,1,8,0:0:0:0:
64,192,113142,1,8,0:0:0:0:
192,192,113142,1,2,0:0:0:0:
448,192,113601,1,8,0:0:0:0:
192,192,113754,1,8,0:0:0:0:
320,192,113754,1,2,0:0:0:0:
64,192,114060,1,8,0:0:0:0:
320,192,114367,1,8,0:0:0:0:
448,192,114367,1,2,0:0:0:0:
64,192,114826,1,8,0:0:0:0:
192,192,114979,1,8,0:0:0:0:
448,192,114979,1,2,0:0:0:0:
320,192,115285,1,8,0:0:0:0:
192,192,115438,1,8,0:0:0:0:
64,192,115591,1,8,0:0:0:0:
448,192,115591,1,2,0:0:0:0:
320,192,116050,1,8,0:0:0:0:
64,192,116203,1,8,0:0:0:0:
192,192,116203,1,2,0:0:0:0:
448,192,116509,1,8,0:0:0:0:
64,192,116663,1,8,0:0:0:0:
192,192,116816,1,8,0:0:0:0:
320,192,116816,1,2,0:0:0:0:
448,192,117275,1,8,0:0:0:0:
64,192,117428,1,8,0:0:0:0:
192,192,117428,1,2,0:0:0:0:
320,192,117581,1,8,0:0:0:0:
448,192,117734,1,8,0:0:0:0:
192,192,117887,1,8,0:0:0:0:
64,192,118040,1,8,0:0:0:0:
320,192,118040,1,2,0:0:0:0:
192,192,118346,1,8,0:0:0:0:
320,192,118652,1,8,0:0:0:0:
448,192,118652,1,2,0:0:0:0:
64,192,118805,1,8,0:0:0:0:
192,192,118958,1,8,0:0:0:0:
320,192,119111,1,8,0:0:0:0:
64,192,119265,1,8,0:0:0:0:
448,192,119265,1,2,0:0:0:0:
192,192,119418,1,8,0:0:0:0:
320,192,119571,1,8,0:0:0:0:
192,192,119877,1,8,0:0:0:0:
448,192,119877,1,2,0:0:0:0:
64,192,120030,1,8,0:0:0:0:
320,192,120183,1,8,0:0:0:0:
448,192,120336,1,8,0:0:0:0:
192,192,121101,1,2,0:0:0:65:soft1-hitclap.wav
320,192,121101,1,0,0:0:0:40:Sub.wav
64,192,121714,1,2,0:0:0:70:Rides.wav
448,192,121714,1,0,0:0:0:65:Exhaust.wav
192,192,122020,1,0,0:0:0:65:soft1-hitwhistle.wav
320,192,122326,1,2,0:0:0:0:
448,192,122326,1,0,0:0:0:65:soft1-hitclap.wav
64,192,122632,1,0,0:0:0:65:soft1-hitwhistle.wav
192,192,122938,1,2,0:0:0:0:
448,192,122938,1,0,0:0:0:0:
320,192,123244,1,0,0:0:0:65:soft1-hitwhistle.wav
64,192,123550,1,2,0:0:0:0:
192,192,123550,1,0,0:0:0:65:soft1-hitclap.wav
320,192,124163,1,2,0:0:0:0:
448,192,124163,1,0,0:0:0:0:
64,192,124469,1,0,0:0:0:65:soft1-hitwhistle.wav
192,192,124775,1,2,0:0:0:0:
448,192,124775,1,0,0:0:0:65:soft1-hitclap.wav
320,192,125081,1,0,0:0:0:65:soft1-hitwhistle.wav
64,192,125387,1,2,0:0:0:0:
192,192,125387,1,0,0:0:0:0:
320,192,125999,1,2,0:0:0:0:
448,192,125999,128,0,126611:0:0:0:65:soft1-hitclap.wav
64,192,126611,1,2,0:0:0:0:
192,192,126611,1,0,0:0:0:0:
320,192,126918,1,0,0:0:0:65:soft1-hitwhistle.wav
192,192,127224,1,2,0:0:0:0:
448,192,127224,1,0,0:0:0:65:soft1-hitclap.wav
64,192,127530,1,0,0:0:0:65:soft1-hitwhistle.wav
320,192,127836,1,2,0:0:0:0:
448,192,127836,1,0,0:0:0:0:
64,192,128142,1,0,0:0:0:65:soft1-hitwhistle.wav
192,192,128448,1,2,0:0:0:0:
320,192,128448,1,0,0:0:0:65:soft1-hitclap.wav
64,192,129060,1,2,0:0:0:0:
448,192,129060,1,0,0:0:0:0:
320,192,129367,1,0,0:0:0:65:soft1-hitwhistle.wav
192,192,129673,1,2,0:0:0:0:
448,192,129673,1,0,0:0:0:65:soft1-hitclap.wav
64,192,129979,1,0,0:0:0:65:soft1-hitwhistle.wav
192,192,130285,1,2,0:0:0:0:
320,192,130285,1,0,0:0:0:0:
64,192,130897,128,2,131509:0:0:0:0:
448,192,130897,1,0,0:0:0:65:soft1-hitclap.wav
192,192,131509,1,2,0:0:0:0:
320,192,131509,1,0,0:0:0:0:
448,192,131816,1,0,0:0:0:65:soft1-hitwhistle.wav
64,192,132122,1,2,0:0:0:0:
192,192,132122,1,0,0:0:0:65:soft1-hitclap.wav
448,192,132428,1,0,0:0:0:65:soft1-hitwhistle.wav
64,192,132734,1,2,0:0:0:0:
320,192,132734,1,0,0:0:0:0:
192,192,133040,1,0,0:0:0:65:soft1-hitwhistle.wav
320,192,133346,1,2,0:0:0:0:
448,192,133346,1,0,0:0:0:65:soft1-hitclap.wav
64,192,133652,1,0,0:0:0:65:soft1-hitwhistle.wav
192,192,133958,1,2,0:0:0:0:
320,192,133958,1,0,0:0:0:0:
448,192,134265,1,0,0:0:0:65:soft1-hitwhistle.wav
64,192,134571,1,2,0:0:0:0:
192,192,134571,1,0,0:0:0:65:soft1-hitclap.wav
320,192,134877,1,0,0:0:0:65:soft1-hitwhistle.wav
192,192,135183,1,2,0:0:0:0:
448,192,135183,1,0,0:0:0:0:
64,192,135795,1,2,0:0:0:0:
320,192,135795,128,0,136407:0:0:0:65:soft1-hitclap.wav
192,192,136407,1,2,0:0:0:0:
448,192,136407,1,0,0:0:0:0:
64,192,136714,1,0,0:0:0:65:soft1-hitwhistle.wav
320,192,137020,1,2,0:0:0:0:
448,192,137020,1,0,0:0:0:65:soft1-hitclap.wav
192,192,137326,1,0,0:0:0:65:soft1-hitwhistle.wav
64,192,137632,1,2,0:0:0:0:
320,192,137632,1,0,0:0:0:0:
448,192,137938,1,0,0:0:0:65:soft1-hitwhistle.wav
64,192,138244,1,2,0:0:0:0:
192,192,138244,128,0,138856:0:0:0:65:soft1-hitclap.wav
448,192,138856,128,0,141305:0:0:0:0:
320,192,141305,128,8,142530:0:0:0:0:
192,192,142530,128,8,143754:0:0:0:0:
448,192,143754,128,8,144979:0:0:0:0:
64,192,144979,1,8,0:0:0:0:
192,192,146203,128,8,147428:0:0:0:0:
320,192,147428,128,8,148652:0:0:0:0:
64,192,148652,128,8,149877:0:0:0:0:
448,192,149877,1,8,0:0:0:0:
192,192,150489,1,2,0:0:0:0:
320,192,150489,1,0,0:0:0:0:
64,192,151101,1,10,0:0:0:0:
448,192,151101,128,0,152326:0:0:0:70:Rides.wav
192,192,151714,1,2,0:0:0:0:
64,192,152326,128,8,153550:0:0:0:0:
320,192,152326,1,2,0:0:0:0:
448,192,152938,1,10,0:0:0:0:
192,192,153550,1,8,0:0:0:0:
320,192,153550,128,2,154775:0:0:0:0:
64,192,154163,1,10,0:0:0:0:
192,192,154775,1,10,0:0:0:0:
448,192,155387,1,10,0:0:0:0:
192,192,155999,128,8,157224:0:0:0:0:
320,192,155999,1,2,0:0:0:0:
448,192,156611,1,10,0:0:0:0:
64,192,157224,128,8,158448:0:0:0:0:
320,192,157224,1,2,0:0:0:0:
448,192,157836,1,10,0:0:0:0:
320,192,158448,128,0,159673:0:0:0:0:
192,192,160285,1,2,0:0:0:65:Impulse.wav
320,192,160285,1,0,0:0:0:40:Sub.wav
64,192,160897,1,2,0:0:0:70:Rides.wav
448,192,160897,1,0,0:0:0:65:Exhaust.wav
192,192,161203,1,0,0:0:0:65:soft1-hitwhistle.wav
320,192,161509,1,2,0:0:0:0:
448,192,161509,1,0,0:0:0:65:soft1-hitclap.wav
64,192,161816,1,0,0:0:0:65:soft1-hitwhistle.wav
192,192,162122,1,2,0:0:0:0:
448,192,162122,1,0,0:0:0:0:
320,192,162428,1,0,0:0:0:65:soft1-hitwhistle.wav
64,192,162734,1,2,0:0:0:0:
192,192,162734,1,0,0:0:0:65:soft1-hitclap.wav
320,192,163346,1,2,0:0:0:0:
448,192,163346,1,0,0:0:0:0:
192,192,163652,1,0,0:0:0:65:soft1-hitwhistle.wav
64,192,163958,1,2,0:0:0:0:
320,192,163958,1,0,0:0:0:65:soft1-hitclap.wav
448,192,164265,1,0,0:0:0:65:soft1-hitwhistle.wav
64,192,164571,1,2,0:0:0:0:
192,192,164571,1,0,0:0:0:0:
320,192,164877,1,0,0:0:0:65:soft1-hitwhistle.wav
64,192,165183,128,2,165795:0:0:0:0:
448,192,165183,1,0,0:0:0:65:soft1-hitclap.wav
320,192,165795,1,2,0:0:0:0:
448,192,165795,1,0,0:0:0:0:
192,192,166101,1,0,0:0:0:65:soft1-hitwhistle.wav
64,192,166407,1,2,0:0:0:0:
320,192,166407,1,0,0:0:0:65:soft1-hitclap.wav
448,192,166714,1,0,0:0:0:65:soft1-hitwhistle.wav
64,192,167020,1,2,0:0:0:0:
192,192,167020,1,0,0:0:0:0:
448,192,167326,1,0,0:0:0:65:soft1-hitwhistle.wav
192,192,167632,1,2,0:0:0:0:
320,192,167632,1,0,0:0:0:65:soft1-hitclap.wav
64,192,168244,1,2,0:0:0:0:
448,192,168244,1,0,0:0:0:0:
320,192,168550,1,0,0:0:0:65:soft1-hitwhistle.wav
192,192,168856,1,2,0:0:0:0:
448,192,168856,1,0,0:0:0:65:soft1-hitclap.wav
64,192,169163,1,0,0:0:0:65:soft1-hitwhistle.wav
192,192,169469,1,2,0:0:0:0:
320,192,169469,1,0,0:0:0:0:
448,192,169775,1,0,0:0:0:65:soft1-hitwhistle.wav
64,192,170081,128,2,170693:0:0:0:0:
192,192,170081,1,0,0:0:0:65:soft1-hitclap.wav
320,192,170693,1,2,0:0:0:0:
448,192,170693,1,0,0:0:0:0:
192,192,170999,1,0,0:0:0:65:soft1-hitwhistle.wav
64,192,171305,1,2,0:0:0:0:
448,192,171305,1,0,0:0:0:65:soft1-hitclap.wav
320,192,171611,1,0,0:0:0:65:soft1-hitwhistle.wav
64,192,171918,1,2,0:0:0:0:
192,192,171918,1,0,0:0:0:0:
448,192,172224,1,0,0:0:0:65:soft1-hitwhistle.wav
64,192,172530,1,2,0:0:0:0:
320,192,172530,128,0,173142:0:0:0:65:soft1-hitclap.wav
192,192,173142,1,2,0:0:0:0:
448,192,173142,1,0,0:0:0:0:
64,192,173448,1,0,0:0:0:65:soft1-hitwhistle.wav
192,192,173754,1,2,0:0:0:0:
320,192,173754,1,0,0:0:0:65:soft1-hitclap.wav
448,192,174060,1,0,0:0:0:65:soft1-hitwhistle.wav
64,192,174367,1,2,0:0:0:0:
320,192,174367,1,0,0:0:0:0:
192,192,174673,1,0,0:0:0:65:soft1-hitwhistle.wav
320,192,174979,1,2,0:0:0:0:
448,192,174979,128,0,175591:0:0:0:65:soft1-hitclap.wav
64,192,175591,1,2,0:0:0:0:
192,192,175591,1,0,0:0:0:0:
320,192,175897,1,0,0:0:0:65:soft1-hitwhistle.wav
192,192,176203,1,2,0:0:0:0:
448,192,176203,1,0,0:0:0:65:soft1-hitclap.wav
64,192,176509,1,0,0:0:0:65:soft1-hitwhistle.wav
320,192,176816,1,2,0:0:0:0:
448,192,176816,1,0,0:0:0:0:
192,192,177122,1,0,0:0:0:65:soft1-hitwhistle.wav
64,192,177428,128,2,178040:0:0:0:0:
320,192,177428,1,0,0:0:0:65:soft1-hitclap.wav
448,192,178040,1,0,0:0:0:0:
192,192,178652,128,0,179877:0:0:0:0:
448,192,179877,1,0,0:0:0:0:
64,192,180183,1,0,0:0:0:0:
320,192,180336,1,0,0:0:0:0:
64,192,181101,1,2,0:0:0:65:Exhaust.wav
448,192,181101,1,0,0:0:0:65:soft1-hitclap.wav
192,192,181407,1,0,0:0:0:65:soft1-hitwhistle.wav
320,192,181714,1,2,0:0:0:0:
448,192,181714,1,0,0:0:0:0:
64,192,182020,1,0,0:0:0:65:soft1-hitwhistle.wav
192,192,182326,1,2,0:0:0:0:
320,192,182326,1,0,0:0:0:65:soft1-hitclap.wav
64,192,182938,1,2,0:0:0:0:
448,192,182938,1,0,0:0:0:0:
320,192,183244,1,0,0:0:0:65:soft1-hitwhistle.wav
192,192,183550,1,2,0:0:0:0:
448,192,183550,1,0,0:0:0:65:soft1-hitclap.wav
64,192,183856,1,0,0:0:0:65:soft1-hitwhistle.wav
192,192,184163,1,2,0:0:0:0:
320,192,184163,1,0,0:0:0:0:
448,192,184469,1,0,0:0:0:65:soft1-hitwhistle.wav
64,192,184775,128,2,185387:0:0:0:0:
192,192,184775,128,0,185387:0:0:0:65:soft1-hitclap.wav
320,192,185387,1,2,0:0:0:0:
448,192,185387,1,0,0:0:0:0:
192,192,185693,1,0,0:0:0:65:soft1-hitwhistle.wav
64,192,185999,1,2,0:0:0:0:
448,192,185999,1,0,0:0:0:65:soft1-hitclap.wav
320,192,186305,1,0,0:0:0:65:soft1-hitwhistle.wav
64,192,186611,1,2,0:0:0:0:
192,192,186611,1,0,0:0:0:0:
448,192,186918,1,0,0:0:0:65:soft1-hitwhistle.wav
64,192,187224,1,2,0:0:0:0:
320,192,187224,1,0,0:0:0:65:soft1-hitclap.wav
192,192,187836,1,2,0:0:0:0:
448,192,187836,1,0,0:0:0:0:
320,192,188142,1,0,0:0:0:65:soft1-hitwhistle.wav
64,192,188448,1,2,0:0:0:0:
192,192,188448,1,0,0:0:0:65:soft1-hitclap.wav
448,192,188754,1,0,0:0:0:65:soft1-hitwhistle.wav
64,192,189060,1,2,0:0:0:0:
320,192,189060,1,0,0:0:0:0:
192,192,189367,1,0,0:0:0:65:soft1-hitwhistle.wav
320,192,189673,128,2,190285:0:0:0:0:
448,192,189673,128,0,190285:0:0:0:65:soft1-hitclap.wav
64,192,190285,1,2,0:0:0:0:
192,192,190285,1,0,0:0:0:0:
320,192,190591,1,0,0:0:0:65:soft1-hitwhistle.wav
192,192,190897,1,2,0:0:0:0:
448,192,190897,1,0,0:0:0:65:soft1-hitclap.wav
64,192,191203,1,0,0:0:0:65:soft1-hitwhistle.wav
192,192,191509,1,2,0:0:0:0:
320,192,191509,1,0,0:0:0:0:
448,192,191816,1,0,0:0:0:65:soft1-hitwhistle.wav
64,192,192122,1,2,0:0:0:0:
320,192,192122,1,0,0:0:0:65:soft1-hitclap.wav
192,192,192428,1,0,0:0:0:65:soft1-hitwhistle.wav
320,192,192734,1,2,0:0:0:0:
448,192,192734,1,0,0:0:0:0:
192,192,193040,1,0,0:0:0:65:soft1-hitwhistle.wav
64,192,193346,1,2,0:0:0:0:
448,192,193346,1,0,0:0:0:65:soft1-hitclap.wav
320,192,193652,1,0,0:0:0:65:soft1-hitwhistle.wav
64,192,193958,1,2,0:0:0:0:
192,192,193958,1,0,0:0:0:0:
64,192,194571,128,2,195183:0:0:0:0:
448,192,194571,128,0,195183:0:0:0:65:soft1-hitclap.wav
192,192,195183,1,2,0:0:0:0:
320,192,195183,1,0,0:0:0:0:
448,192,195489,1,0,0:0:0:65:soft1-hitwhistle.wav
64,192,195795,1,2,0:0:0:0:
320,192,195795,1,0,0:0:0:65:soft1-hitclap.wav
192,192,196101,1,0,0:0:0:65:soft1-hitwhistle.wav
64,192,196407,1,2,0:0:0:0:
320,192,196407,1,0,0:0:0:0:
448,192,196714,1,0,0:0:0:65:soft1-hitwhistle.wav
192,192,197020,128,2,197632:0:0:0:0:
320,192,197020,128,0,197632:0:0:0:65:soft1-hitclap.wav